Roboto : 
        Medium
        6 7 8 9 10 11 12 14 16 18 20 22 24 26 28 36 48 72 
        Thin
        6 7 8 9 10 11 12 14 16 18 20 22 24 26 28 36 48 72 
        Black Italic
        6 7 8 9 10 11 12 14 16 18 20 22 24 26 28 36 48 72 
        Black
        6 7 8 9 10 11 12 14 16 18 20 22 24 26 28 36 48 72 
        Light
        6 7 8 9 10 11 12 14 16 18 20 22 24 26 28 36 48 72 
        Light Italic
        6 7 8 9 10 11 12 14 16 18 20 22 24 26 28 36 48 72 
        Medium Italic
        6 7 8 9 10 11 12 14 16 18 20 22 24 26 28 36 48 72 
        Thin Italic
        6 7 8 9 10 11 12 14 16 18 20 22 24 26 28 36 48 72 
---
Roboto Condensed : 
        Light Italic
        6 7 8 9 10 11 12 14 16 18 20 22 24 26 28 36 48 72 
        Bold
        6 7 8 9 10 11 12 14 16 18 20 22 24 26 28 36 48 72 
        Light
        6 7 8 9 10 11 12 14 16 18 20 22 24 26 28 36 48 72 
        Italic
        6 7 8 9 10 11 12 14 16 18 20 22 24 26 28 36 48 72 
        Regular
        6 7 8 9 10 11 12 14 16 18 20 22 24 26 28 36 48 72 
        Bold Italic
        6 7 8 9 10 11 12 14 16 18 20 22 24 26 28 36 48 72 
---
Roboto Condensed Light : 
        Italic
        6 7 8 9 10 11 12 14 16 18 20 22 24 26 28 36 48 72 
        Regular
        6 7 8 9 10 11 12 14 16 18 20 22 24 26 28 36 48 72 
---
Roboto Slab [GOOG] : 
        SemiBold
        6 7 8 9 10 11 12 14 16 18 20 22 24 26 28 36 48 72 
        Black
        6 7 8 9 10 11 12 14 16 18 20 22 24 26 28 36 48 72 
        Thin
        6 7 8 9 10 11 12 14 16 18 20 22 24 26 28 36 48 72 
        Medium
        6 7 8 9 10 11 12 14 16 18 20 22 24 26 28 36 48 72 
        ExtraLight
        6 7 8 9 10 11 12 14 16 18 20 22 24 26 28 36 48 72 
        Light
        6 7 8 9 10 11 12 14 16 18 20 22 24 26 28 36 48 72 
        Bold
        6 7 8 9 10 11 12 14 16 18 20 22 24 26 28 36 48 72 
        ExtraBold
        6 7 8 9 10 11 12 14 16 18 20 22 24 26 28 36 48 72 
        Regular
        6 7 8 9 10 11 12 14 16 18 20 22 24 26 28 36 48 72 
---
Roboto Slab [pyrs] : 
        Thin
        6 7 8 9 10 11 12 14 16 18 20 22 24 26 28 36 48 72 
        Bold
        6 7 8 9 10 11 12 14 16 18 20 22 24 26 28 36 48 72 
        Regular
        6 7 8 9 10 11 12 14 16 18 20 22 24 26 28 36 48 72 
        Light
        6 7 8 9 10 11 12 14 16 18 20 22 24 26 28 36 48 72 
---
Roboto Slab Black : 
        Regular
        6 7 8 9 10 11 12 14 16 18 20 22 24 26 28 36 48 72 
---
Roboto Slab ExtraBold : 
        Regular
        6 7 8 9 10 11 12 14 16 18 20 22 24 26 28 36 48 72 
---
Roboto Slab ExtraLight : 
        Regular
        6 7 8 9 10 11 12 14 16 18 20 22 24 26 28 36 48 72 
---
Roboto Slab Light : 
        Regular
        6 7 8 9 10 11 12 14 16 18 20 22 24 26 28 36 48 72 
---
Roboto Slab Medium : 
        Regular
        6 7 8 9 10 11 12 14 16 18 20 22 24 26 28 36 48 72 
---
Roboto Slab SemiBold : 
        Regular
        6 7 8 9 10 11 12 14 16 18 20 22 24 26 28 36 48 72 
---
Roboto Slab Thin : 
        Regular
        6 7 8 9 10 11 12 14 16 18 20 22 24 26 28 36 48 72 
---
RobotoBlack : 
        Regular
        6 7 8 9 10 11 12 14 16 18 20 22 24 26 28 36 48 72 
---
RobotoBlackItalic : 
        Italic
        6 7 8 9 10 11 12 14 16 18 20 22 24 26 28 36 48 72 
---
RobotoBold : 
        Bold
        6 7 8 9 10 11 12 14 16 18 20 22 24 26 28 36 48 72 
---
RobotoBoldItalic : 
        Bold Italic
        6 7 8 9 10 11 12 14 16 18 20 22 24 26 28 36 48 72 
---
RobotoItalic : 
        Italic
        6 7 8 9 10 11 12 14 16 18 20 22 24 26 28 36 48 72 
---
RobotoLight : 
        Regular
        6 7 8 9 10 11 12 14 16 18 20 22 24 26 28 36 48 72 
---
RobotoLightItalic : 
        Italic
        6 7 8 9 10 11 12 14 16 18 20 22 24 26 28 36 48 72 
---
RobotoMedium : 
        Regular
        6 7 8 9 10 11 12 14 16 18 20 22 24 26 28 36 48 72 
---
RobotoMediumItalic : 
        Italic
        6 7 8 9 10 11 12 14 16 18 20 22 24 26 28 36 48 72 
---
RobotoRegular : 
        Regular
        6 7 8 9 10 11 12 14 16 18 20 22 24 26 28 36 48 72 
---
RobotoThin : 
        Regular
        6 7 8 9 10 11 12 14 16 18 20 22 24 26 28 36 48 72 
---
RobotoThinItalic : 
        Italic
        6 7 8 9 10 11 12 14 16 18 20 22 24 26 28 36 48 72 


Roboto : 
        Thin
        6 7 8 9 10 11 12 14 16 18 20 22 24 26 28 36 48 72 
        Black Italic
        6 7 8 9 10 11 12 14 16 18 20 22 24 26 28 36 48 72 
        Thin Italic
        6 7 8 9 10 11 12 14 16 18 20 22 24 26 28 36 48 72 
        Light
        6 7 8 9 10 11 12 14 16 18 20 22 24 26 28 36 48 72 
        Medium
        6 7 8 9 10 11 12 14 16 18 20 22 24 26 28 36 48 72 
        Black
        6 7 8 9 10 11 12 14 16 18 20 22 24 26 28 36 48 72 
        Medium Italic
        6 7 8 9 10 11 12 14 16 18 20 22 24 26 28 36 48 72 
        Light Italic
        6 7 8 9 10 11 12 14 16 18 20 22 24 26 28 36 48 72 
---
Roboto Condensed : 
        Light
        6 7 8 9 10 11 12 14 16 18 20 22 24 26 28 36 48 72 
        Light Italic
        6 7 8 9 10 11 12 14 16 18 20 22 24 26 28 36 48 72 
        Bold Italic
        6 7 8 9 10 11 12 14 16 18 20 22 24 26 28 36 48 72 
        Italic
        6 7 8 9 10 11 12 14 16 18 20 22 24 26 28 36 48 72 
        Regular
        6 7 8 9 10 11 12 14 16 18 20 22 24 26 28 36 48 72 
        Bold
        6 7 8 9 10 11 12 14 16 18 20 22 24 26 28 36 48 72 
---
Roboto Condensed Light : 
        Regular
        6 7 8 9 10 11 12 14 16 18 20 22 24 26 28 36 48 72 
        Italic
        6 7 8 9 10 11 12 14 16 18 20 22 24 26 28 36 48 72 
---
Roboto Slab : 
        Medium
        6 7 8 9 10 11 12 14 16 18 20 22 24 26 28 36 48 72 
        Bold
        6 7 8 9 10 11 12 14 16 18 20 22 24 26 28 36 48 72 
        Regular
        6 7 8 9 10 11 12 14 16 18 20 22 24 26 28 36 48 72 
        Light
        6 7 8 9 10 11 12 14 16 18 20 22 24 26 28 36 48 72 
        SemiBold
        6 7 8 9 10 11 12 14 16 18 20 22 24 26 28 36 48 72 
        Thin
        6 7 8 9 10 11 12 14 16 18 20 22 24 26 28 36 48 72 
        Black
        6 7 8 9 10 11 12 14 16 18 20 22 24 26 28 36 48 72 
        ExtraBold
        6 7 8 9 10 11 12 14 16 18 20 22 24 26 28 36 48 72 
        ExtraLight
        6 7 8 9 10 11 12 14 16 18 20 22 24 26 28 36 48 72 
---
Roboto Slab Black : 
        Regular
        6 7 8 9 10 11 12 14 16 18 20 22 24 26 28 36 48 72 
---
Roboto Slab ExtraBold : 
        Regular
        6 7 8 9 10 11 12 14 16 18 20 22 24 26 28 36 48 72 
---
Roboto Slab ExtraLight : 
        Regular
        6 7 8 9 10 11 12 14 16 18 20 22 24 26 28 36 48 72 
---
Roboto Slab Light : 
        Regular
        6 7 8 9 10 11 12 14 16 18 20 22 24 26 28 36 48 72 
---
Roboto Slab Medium : 
        Regular
        6 7 8 9 10 11 12 14 16 18 20 22 24 26 28 36 48 72 
---
Roboto Slab SemiBold : 
        Regular
        6 7 8 9 10 11 12 14 16 18 20 22 24 26 28 36 48 72 
---
Roboto Slab Thin : 
        Regular
        6 7 8 9 10 11 12 14 16 18 20 22 24 26 28 36 48 72 
---
RobotoBlack : 
        Regular
        6 7 8 9 10 11 12 14 16 18 20 22 24 26 28 36 48 72 
---
RobotoBlackItalic : 
        Italic
        6 7 8 9 10 11 12 14 16 18 20 22 24 26 28 36 48 72 
---
RobotoBold : 
        Bold
        6 7 8 9 10 11 12 14 16 18 20 22 24 26 28 36 48 72 
---
RobotoBoldItalic : 
        Bold Italic
        6 7 8 9 10 11 12 14 16 18 20 22 24 26 28 36 48 72 
---
RobotoItalic : 
        Italic
        6 7 8 9 10 11 12 14 16 18 20 22 24 26 28 36 48 72 
---
RobotoLight : 
        Regular
        6 7 8 9 10 11 12 14 16 18 20 22 24 26 28 36 48 72 
---
RobotoLightItalic : 
        Italic
        6 7 8 9 10 11 12 14 16 18 20 22 24 26 28 36 48 72 
---
RobotoMedium : 
        Regular
        6 7 8 9 10 11 12 14 16 18 20 22 24 26 28 36 48 72 
---
RobotoMediumItalic : 
        Italic
        6 7 8 9 10 11 12 14 16 18 20 22 24 26 28 36 48 72 
---
RobotoRegular : 
        Regular
        6 7 8 9 10 11 12 14 16 18 20 22 24 26 28 36 48 72 
---
RobotoThin : 
        Regular
        6 7 8 9 10 11 12 14 16 18 20 22 24 26 28 36 48 72 
---
RobotoThinItalic : 
        Italic
        6 7 8 9 10 11 12 14 16 18 20 22 24 26 28 36 48 72 
